98
17
96
336
215
158
371
221
284
364
287
126
30
139
491
215
224
59
167
89
470
21
483
45
434
287
14
288
482
276
216
148
214
270
374
404
475
384
115
91
301
48
12
339
178
350
185
34
405
115
60
410
270
52
498
221
332
251
84
176
5
349
440
225
125
499
426
404
414
198
266
354
239
369
37
398
1
305
492
130
271
429
388
458
71
325
259
156
467
362
323
383
417
116
71
301
187
442
264
377
338
291
38
207
258
398
428
159
83
129
88
236
451
464
36
89
56
172
430
43
285
291
75
262
121
478
345
278
37
101
75
82
488
192
118
356
249
212
205
301
75
222
405
152
8
252
343
446
120
365
204
224
358
114
208
376
459
70
462
431
138
112
172
112
220
469
230
203
296
166
141
300
279
363
411
307
326
17
166
134
373
483
144
300
301
471
377
290
466
410
375
152
487
277
314
303
30
14
6
322
123
304
364
326
65
298
299
391
190
36
465
288
109
15
161
396
314
179
175
267
481
76
430
105
51
214
434
105
318
155
271
306
155
314
106
268
339
269
195
29
419
352
483
296
182
13
297
42
22
189
185
316
409
1
9
269
198
354
292
373
268
331
376
280
416
24
346
276
487
93
173
266
18
45
142
252
246
205
428
192
324
261
32
329
179
485
367
50
65
414
347
173
319
227
448
139
224
335
65
50
222
477
152
100
470
336
371
401
422
142
408
252
308
336
172
177
297
239
436
327
227
460
248
241
277
319
157
486
494
98
335
341
153
491
228
197
28
388
481
37
186
122
458
324
231
152
268
404
72
457
368
312
201
446
35
410
432
491
70
499
79
378
223
90
206
221
65
363
130
117
202
88
414
27
3
183
241
239
497
411
20
389
443
109
338
100
15
468
50
490
475
168
65
66
278
132
174
416
304
128
59
383
450
478
270
298
306
112
132
425
307
290
381
208
166
22
70
484
209
290
493
141
133
31
308
26
288
452
165
96
419
254
492
151
51
117
429
378
339
77
146
144
142
320
231
157
483
11
234
196
57
165
178
264
94
387
227
482
360
230
26
329
380
391
27
216
355
296
465
85
466
389
387
162
121
246
54
430
176
268
446
395
454
240
21
167
420
335
430
454
75
208
123
478
122
213
304
310
418
197
213
9
63
475
98
271
148
63
149
165
444
70
260
438
89
143
450
234
130
65
13
271
476
157
83
412
341
110
422
34
298
188
336
471
435
293
43
329
253
199
410
11
143
99
182
303
274
452
413
48
384
456
229
240
468
19
157
351
401
397
377
143
121
462
283
491
424
374
207
118
78
300
135
324
481
364
456
108
408
420
358
262
46
176
422
490
347
194
295
7
446
333
490
277
299
167
255
232
380
242
357
85
199
47
50
188
159
269
261
152
348
306
413
128
476
465
55
79
405
11
471
307
409
116
92
44
425
426
134
375
406
241
446
54
482
3
229
390
467
482
285
52
18
207
17
462
227
39
136
113
409
326
198
101
328
225
467
397
323
407
397
165
22
399
5
126
221
70
265
439
391
16
349
351
349
446
424
288
1
182
438
32
304
74
180
495
201
136
256
103
473
279
244
475
352
352
118
148
124
180
398
167
350
489
16
421
42
276
444
229
352
181
224
70
45
488
237
105
231
56
238
214
218
362
39
468
480
80
482
120
488
258
180
354
372
126
54
158
132
120
418
138
419
230
458
417
433
319
305
441
202
471
102
242
347
371
474
259
187
391
152
170
337
103
107
235
129
212
272
131
437
480
263
395
498
372
337
56
416
227
332
25
275
336
239
16
272
247
412
359
388
493
473
371
427
56
339
256
161
241
166
155
267
192
165
75
485
28
337
419
313
438
342
383
416
67
470
95
208
389
439
9
362
462
452
366
417
321
184
127
281
91
238
266
58
197
249
180
225
100
436
299
309
389
470
93
38
68
442
480
476
422
233
369
95
410
93
191
36
125
113
449
495
156
134
8
159
455
423
356
64
421
176
327
496
455
262
411
66
383
367
117
39
105
24
342
199
49
161
371
340
300
8
81
465
290
238
26
310
421
215
20
20
75
17
383
146
337
120
167
391
56
286
500
314
443
290
429
76
343
379
333
444
291
171
21
182
335
289
415
263
167
33
8
352
354
438
200
462
350
374
219
429
375
294
228
217
31
452
43
7
464
248
361
205
266
19
195
182
369
115
48
241
230
24
455
248
150
103
449
152
76
478
48
248
248
431
290
240
138
331
461
453
188
391
127
426
140
357
300
482
242
437
135
209
286
342
138
364
275
449
82
18
431
497
386
57
371
366
420
266
395
161
402
369
188
480
296
165
426
267
204
192
72
82
470
106
54
209
373
473
330
299
247
490
444
167
405
22
49
479
32
44
19
87
373
467
374
396
207
319
251
186
94
362
290
459
164
209
235
119
284
133
477
350
309
260
394
480
392
377
80
465
462
65
326
136
85
115
27
38
188
43
167
146
103
50
27
127
102
198
172
254
75
490
177
216
350
362
358
312
408
465
153
228
396
158
387
338
471
441
32
447
60
67
204
403
120
18
381
290
150
109
310
451
373
19
235
336
377
58
316
479
469
242
324
440
272
227
390
136
143
133
191
482
134
88
75
328
110
57
451
445
290
381
96
386
488
456
245
444
291
260
183
449
431
440
277
186
181
500
472
1
48
72
117
423
278
365
143
95
212
196
93
23
482
402
367
299
362
489
213
428
38
482
184
278
310
351
341
238
120
424
161
87
148
85
475
167
88
471
154
215
161
469
374
413
320
94
102
298
315
410
453
148
353
346
498
89
61
480
170
155
396
295
404
128
209
367
259
194
345
274
308
427
340
85
336
234
378
227
366
199
21
291
186
37
140
376
65
244
129
441
337
369
413
199
486
130
88
176
251
242
188
162
202
445
286
9
286
194
219
362
83
242
22
433
305
223
368
125
202
197
474
400
163
444
375
50
342
467
277
56
461
389
393
94
275
135
435
324
420
350
360
146
124
195
139
115
477
209
400
353
225
437
200
12
262
265
14
157
117
104
27
57
387
499
496
99
420
174
346
18
422
93
311
28
105
241
452
473
129
211
444
104
441
132
274
273
64
160
295
159
358
433
207
312
108
131
278
300
461
230
469
363
36
396
458
408
179
34
245
251
179
417
212
333
151
482
294
99
335
284
473
61
10
98
121
6
115
193
242
446
369
115
174
491
26
134
313
181
90
160
453
49
25
184
141
489
198
99
42
162
329
73
5
383
44
51
265
234
306
182
161
97
388
321
278
291
292
351
214
372
429
256
186
3
89
80
46
384
255
443
38
439
492
472
50
496
185
75
103
264
459
109
57
184
192
376
240
89
134
236
207
269
396
182
6
146
134
384
411
17
342
118
292
329
130
488
471
341
476
192
462
92
216
202
404
472
314
288
110
435
80
460
211
239
168
215
65
493
259
28
189
65
430
188
186
340
1
249
435
234
294
453
471
46
96
110
73
445
196
436
422
260
46
176
111
403
269
317
373
35
350
28
211
483
339
148
109
436
407
496
291
274
442
397
206
335
15
321
481
130
374
482
161
304
24
211
249
189
346
356
500
442
430
194
317
500
14
476
441
393
471
408
141
478
305
85
415
289
49
437
395
20
311
312
379
127
139
382
435
40
304
290
168
162
475
431
207
484
386
126
22
135
1
54
348
250
379
142
122
462
193
117
139
19
236
136
264
106
137
431
204
101
134
198
286
345
133
465
454
159
176
500
164
467
344
469
397
57
303
78
158
305
169
470
313
282
80
96
15
235
159
69
57
16
69
380
65
120
104
279
421
88
40
228
162
43
138
469
406
192
477
426
464
258
460
18
446
142
460
217
337
236
477
389
25
408
208
43
480
480
483
138
420
284
317
259
409
129
86
391
25
434
439
298
464
181
270
313
364
15
55
111
126
408
68
362
28
402
192
37
250
276
248
277
459
342
224
25
373
148
336
155
445
81
298
366
322
230
159
313
22
208
290
478
310
251
246
361
118
341
237
336
36
16
314
152
227
203
364
406
309
428
444
15
443
78
260
158
69
226
371
324
165
250
117
370
72
169
8
104
456
311
10
41
102
176
349
48
279
271
390
18
435
73
469
289
78
452
145
69
410
280
234
110
111
265
135
135
190
439
63
258
469
221
39
36
271
184
493
165
240
141
445
408
105
492
421
357
30
409
340
157
45
247
360
30
383
128
224
293
418
131
417
212
41
130
385
249
169
28
479
213
392
262
441
374
348
199
239
46
3
366
58
88
134
109
345
284
341
376
69
127
104
375
476
169
404
212
160
168
66
113
177
458
97
202
176
275
476
224
255
352
246
231
74
432
465
6
361
325
418
20
230
359
426
237
226
198
39
208
219
273
31
294
380
60
63
277
128
434
492
398
417
76
306
231
217
27
317
164
193
117
360
434
366
495
163
299
85
366
185
194
386
464
408
291
212
250
200
302
101
281
306
285
265
145
31
355
338
178
87
428
423
414
30
399
101
449
62
181
91
457
215
5
498
405
40
96
181
36
282
373
140
422
328
497
395
